=== random (sample 0) ===
  32 23 11 22  7 53 33 49
   3 42 10 16 48 47 55 62
   0 26 20 14 19 28 34  5
  25 40 35  2 30 57 24 63
  39 61 13 29  1 18 43 51
  46 58 12 31  4 50 27 15
  37 54  9 36 45  6 56 41
  60 17  8 44 59 21 38 52

=== raster (sample 0) ===
   0  1  2  3  4  5  6  7
   8  9 10 11 12 13 14 15
  16 17 18 19 20 21 22 23
  24 25 26 27 28 29 30 31
  32 33 34 35 36 37 38 39
  40 41 42 43 44 45 46 47
  48 49 50 51 52 53 54 55
  56 57 58 59 60 61 62 63

=== serpentine (sample 0) ===
   0  1  2  3  4  5  6  7
  15 14 13 12 11 10  9  8
  16 17 18 19 20 21 22 23
  31 30 29 28 27 26 25 24
  32 33 34 35 36 37 38 39
  47 46 45 44 43 42 41 40
  48 49 50 51 52 53 54 55
  63 62 61 60 59 58 57 56

=== hilbert (sample 0) ===
   0  3  4  5 58 59 60 63
   1  2  7  6 57 56 61 62
  14 13  8  9 54 55 50 49
  15 12 11 10 53 52 51 48
  16 17 30 31 32 33 46 47
  19 18 29 28 35 34 45 44
  20 23 24 27 36 39 40 43
  21 22 25 26 37 38 41 42

=== v1_graph_rw (sample 0) ===
   6  7 12 17  4  0 58 57
  19 11 38 37 63 43 31 27
  15 18  5  1 21 16 51 55
  34 35 48 49 50 45 62 60
  23 22 53 52 25 26 41 39
   3  2 32 24 36 42 33 30
  61 59 20 13 56 54 10 14
   8  9 28 29 47 46 40 44

=== local_greedy (sample 0) ===
   0  1 48 49 16 17 60 61
   4  5 40 41 10 11 44 45
  38 39 14 15 34 35 28 29
  20 21 26 27 24 25 30 31
  46 47 54 55  6  7 63 62
  18 19 32 33  8  9 22 23
  58 59 12 13 56 57 36 37
   2  3 42 43 52 53 50 51

=== Bcov_distance_only (sample 0) ===
   0  1 45 44 43 42 51 50
   3  2 46 47 40 41 48 49
   4  5  6  7 39 38 37 36
  31 30  9  8 32 33 34 35
  28 29 10 11 12 13 52 53
  27 26 17 16 15 14 55 54
  24 25 18 19 62 63 56 57
  23 22 21 20 61 60 59 58

=== Bcov_balanced (sample 0) ===
   0  1 35 34 29 28 26 27
  33 32 22 23 24 25 60 61
  20 21 31 30 58 59  4  5
  38 39  2  3 12 13  6  7
  37 36 53 52 55 54  8  9
  41 40 43 42 56 57 10 11
  63 62 14 15 51 50 18 19
  16 17 44 45 46 47 49 48

=== Bcov_Bdominant_safety (sample 0) ===
   0  1 22 23 53 52 12 13
   4  5 14 15 10 11 18 19
  42 43 55 54 38 39 32 33
  46 47 30 31 28 29 34 35
  20 21 59 58  6  7 50 51
  44 45 36 37  8  9 48 49
  60 61 62 63 57 56 40 41
   2  3 16 17 26 27 24 25

